%YAML:1.0
---
leftCameraMatrix: !!opencv-matrix
   rows: 3
   cols: 3
   dt: d
   data: [ 7.9507873444718041e+02, 0., 6.7487241664734654e+02, 0.,
       7.9923339014727435e+02, 3.6155944294362689e+02, 0., 0., 1. ]
rightCameraMatrix: !!opencv-matrix
   rows: 3
   cols: 3
   dt: d
   data: [ 7.9611691089599969e+02, 0., 6.6748307966655591e+02, 0.,
       8.0051057791898825e+02, 3.6108753663441962e+02, 0., 0., 1. ]
leftDistortionCoeffs: !!opencv-matrix
   rows: 1
   cols: 5
   dt: d
   data: [ -4.6040396712368592e-01, 2.7356367805521359e-01,
       -6.3714357338543013e-04, -1.3482313852405991e-03,
       -1.0441590022686213e-01 ]
rightDistortionCoeffs: !!opencv-matrix
   rows: 1
   cols: 5
   dt: d
   data: [ -4.5968083342983523e-01, 2.5429079705212854e-01,
       1.8807157624044606e-04, -1.6219908555337337e-03,
       -8.2441173083568312e-02 ]
R: !!opencv-matrix
   rows: 3
   cols: 3
   dt: d
   data: [ 9.9999656595955888e-01, 3.7204278851203317e-04,
       -2.5941575228064081e-03, -3.8638073378724437e-04,
       9.9998464194623193e-01, -5.5287052367477612e-03,
       2.5920607666825484e-03, 5.5296885834376129e-03,
       9.9998135170869662e-01 ]
T: [ -6.1328484200194580e+01, -3.0949300392641060e-01,
    5.9961612642033801e-01 ]
E: !!opencv-matrix
   rows: 3
   cols: 3
   dt: d
   data: [ -5.7054455412342150e-04, -6.0131831741409392e-01,
       -3.0617213159253848e-01, 7.5858122508974568e-01,
       3.3935050177706022e-01, 6.1325785030070868e+01,
       3.3318808584224952e-01, -6.1327427169396515e+01,
       3.3826423815502649e-01 ]
F: !!opencv-matrix
   rows: 3
   cols: 3
   dt: d
   data: [ -1.7184675146877926e-09, -1.8017424643831959e-06,
       -8.0611864967501342e-05, 2.2722893148666674e-06,
       1.0112220957292731e-06, 1.4415532671668518e-01,
       -2.0401110506548448e-05, -1.4545427062787281e-01, 1. ]
R1: !!opencv-matrix
   rows: 3
   cols: 3
   dt: d
   data: [ 9.9990875100591092e-01, 5.3640567358499824e-03,
       -1.2398248147783692e-02, -5.3986414159358899e-03,
       9.9998162471715857e-01, -2.7576981150384500e-03,
       1.2383227877317824e-02, 2.8243801737951281e-03,
       9.9991933601864724e-01 ]
R2: !!opencv-matrix
   rows: 3
   cols: 3
   dt: d
   data: [ 9.9993947594615051e-01, 5.0461751369063031e-03,
       -9.7765311346095750e-03, -5.0194330213526239e-03,
       9.9998359937664094e-01, 2.7579466785426021e-03,
       9.7902878753628516e-03, -2.7087071132179735e-03,
       9.9994840525353734e-01 ]
P1: !!opencv-matrix
   rows: 3
   cols: 4
   dt: d
   data: [ 7.9987198403313130e+02, 0., 7.5264336395263672e+02, 0., 0.,
       7.9987198403313130e+02, 3.6032045745849609e+02, 0., 0., 0., 1.,
       0. ]
P2: !!opencv-matrix
   rows: 3
   cols: 4
   dt: d
   data: [ 7.9987198403313130e+02, 0., 7.5264336395263672e+02,
       -4.9057905518269537e+04, 0., 7.9987198403313130e+02,
       3.6032045745849609e+02, 0., 0., 0., 1., 0. ]
Q: !!opencv-matrix
   rows: 4
   cols: 4
   dt: d
   data: [ 1., 0., 0., -7.5264336395263672e+02, 0., 1., 0.,
       -3.6032045745849609e+02, 0., 0., 0., 7.9987198403313130e+02, 0.,
       0., 1.6304650098346592e-02, 0. ]
