%YAML:1.0
---
leftCameraMatrix: !!opencv-matrix
   rows: 3
   cols: 3
   dt: d
   data: [ 8.0527694654860306e+02, 0., 6.7446934937618744e+02, 0.,
       8.0540971723301868e+02, 3.5971524948439753e+02, 0., 0., 1. ]
rightCameraMatrix: !!opencv-matrix
   rows: 3
   cols: 3
   dt: d
   data: [ 8.2942914261526721e+02, 0., 6.6503188584449629e+02, 0.,
       8.2920293830232924e+02, 3.5546001854240899e+02, 0., 0., 1. ]
leftDistortionCoeffs: !!opencv-matrix
   rows: 1
   cols: 5
   dt: d
   data: [ -4.6009063351148033e-01, 2.6317074242542543e-01,
       -3.3415610964896802e-04, -1.2940279808303413e-03,
       -1.1564650973541914e-01 ]
rightDistortionCoeffs: !!opencv-matrix
   rows: 1
   cols: 5
   dt: d
   data: [ -4.8181808650253000e-01, 2.5436479271411011e-01,
       1.0523249249337222e-03, 1.8120873813130096e-03,
       -4.1490383053262178e-02 ]
R: !!opencv-matrix
   rows: 3
   cols: 3
   dt: d
   data: [ 9.9999864937846972e-01, 4.0978111889109219e-04,
       1.5916408737391670e-03, -4.0405101999950661e-04,
       9.9999344275870228e-01, -3.5987751209384561e-03,
       -1.5931051470616034e-03, 3.5981271562367839e-03,
       9.9999225771850742e-01 ]
T: [ -3.7686490404601276e+00, 5.6979879515076833e-02,
    4.9289363226868188e-01 ]
E: !!opencv-matrix
   rows: 3
   cols: 3
   dt: d
   data: [ 1.0837923553500371e-04, -4.9268537939435869e-01,
       5.8753251701887735e-02, 4.8688911237210419e-01,
       1.3762056958930638e-02, 3.7694043721699342e+00,
       -5.5457076068006692e-02, -3.7686476777977851e+00,
       1.3471828901139562e-02 ]
F: !!opencv-matrix
   rows: 3
   cols: 3
   dt: d
   data: [ 1.9979362716722696e-09, -9.0809989178693363e-06,
       4.1374194959449585e-03, 8.9780923720089501e-06,
       2.5372645898701827e-07, 4.9825434300586981e-02,
       -4.0406346223002855e-03, -5.1665135235415750e-02, 1. ]
R1: !!opencv-matrix
   rows: 3
   cols: 3
   dt: d
   data: [ 9.9165533268960426e-01, -1.5050274723597649e-02,
       -1.2803589488504552e-01, 1.4944470499630795e-02,
       9.9988672821804936e-01, -1.7870464152643908e-03,
       1.2804828757057177e-01, -1.4129454654261795e-04,
       9.9176792450960782e-01 ]
R2: !!opencv-matrix
   rows: 3
   cols: 3
   dt: d
   data: [ 9.9144403885654309e-01, -1.4990082990877200e-02,
       -1.2966886761189875e-01, 1.5351340681438359e-02,
       9.9988056456913277e-01, 1.7868788976014034e-03,
       1.2962659509185578e-01, -3.7621813936720488e-03,
       9.9155574318141748e-01 ]
P1: !!opencv-matrix
   rows: 3
   cols: 4
   dt: d
   data: [ 8.1730632776767402e+02, 0., 9.7803619766235352e+02, 0., 0.,
       8.1730632776767402e+02, 3.6069206619262695e+02, 0., 0., 0., 1.,
       0. ]
P2: !!opencv-matrix
   rows: 3
   cols: 4
   dt: d
   data: [ 8.1730632776767402e+02, 0., 9.7803619766235352e+02,
       -3.1067216980355620e+03, 0., 8.1730632776767402e+02,
       3.6069206619262695e+02, 0., 0., 0., 1., 0. ]
Q: !!opencv-matrix
   rows: 4
   cols: 4
   dt: d
   data: [ 1., 0., 0., -9.7803619766235352e+02, 0., 1., 0.,
       -3.6069206619262695e+02, 0., 0., 0., 8.1730632776767402e+02, 0.,
       0., 2.6307677584524936e-01, 0. ]
