%YAML:1.0
---
leftCameraMatrix: !!opencv-matrix
   rows: 3
   cols: 3
   dt: d
   data: [ 7.9804244583670140e+02, 0., 6.6644807622041344e+02, 0.,
       8.0298824455623674e+02, 3.5868779159888470e+02, 0., 0., 1. ]
rightCameraMatrix: !!opencv-matrix
   rows: 3
   cols: 3
   dt: d
   data: [ 7.9948601170987070e+02, 0., 6.5820539588333838e+02, 0.,
       8.0455242631322722e+02, 3.5911864263135419e+02, 0., 0., 1. ]
leftDistortionCoeffs: !!opencv-matrix
   rows: 1
   cols: 5
   dt: d
   data: [ -4.5777515616729048e-01, 2.6352331839401744e-01,
       1.8069029104581587e-04, 1.0982674997362990e-03,
       -9.1273453849166325e-02 ]
rightDistortionCoeffs: !!opencv-matrix
   rows: 1
   cols: 5
   dt: d
   data: [ -4.5893976399034048e-01, 2.5671895899021502e-01,
       5.9517469215517082e-04, 1.0117210295015765e-03,
       -8.1973732640712865e-02 ]
R: !!opencv-matrix
   rows: 3
   cols: 3
   dt: d
   data: [ 9.9999917820602557e-01, 7.4993971552974269e-04,
       1.0397969496533175e-03, -7.4262956712026402e-04,
       9.9997513276415229e-01, -7.0130132355642576e-03,
       -1.0450304299282123e-03, 7.0122352883536260e-03,
       9.9997486791801993e-01 ]
T: [ -6.2945121934732107e+01, 2.8846420101180753e-01,
    1.4996649238159305e+00 ]
E: !!opencv-matrix
   rows: 3
   cols: 3
   dt: d
   data: [ 8.1224164519660079e-04, -1.4976048524448158e+00,
       2.9897412126549200e-01, 1.4338841235629958e+00,
       4.4251066354680679e-01, 6.2945099339780683e+01,
       -2.4171905529894297e-01, -6.2943772994300346e+01,
       4.4113502904618607e-01 ]
F: !!opencv-matrix
   rows: 3
   cols: 3
   dt: d
   data: [ 2.5994415393336660e-09, -4.7633099709639829e-06,
       2.4703884711502542e-03, 4.5600056270690236e-06,
       1.3985946632795264e-06, 1.5620873457780154e-01,
       -2.2577610374865044e-03, -1.5742423677231826e-01, 1. ]
R1: !!opencv-matrix
   rows: 3
   cols: 3
   dt: d
   data: [ 9.9973328580905862e-01, -3.9986246742619268e-03,
       -2.2745730283669018e-02, 3.9199101056591199e-03,
       9.9998617747049390e-01, -3.5041650522376461e-03,
       2.2759427720981596e-02, 3.4140692236912626e-03,
       9.9973514121548657e-01 ]
R2: !!opencv-matrix
   rows: 3
   cols: 3
   dt: d
   data: [ 9.9970581456585117e-01, -4.5814406292614303e-03,
       -2.3817949638635816e-02, 4.6661926136317856e-03,
       9.9998297429312033e-01, 3.5039649508853553e-03,
       2.3801490913817301e-02, -3.6140732761106931e-03,
       9.9971017175211041e-01 ]
P1: !!opencv-matrix
   rows: 3
   cols: 4
   dt: d
   data: [ 8.0377033543473203e+02, 0., 6.1046036648750305e+02, 0., 0.,
       8.0377033543473203e+02, 4.2166427004337311e+02, 0., 0., 0., 1.,
       0. ]
P2: !!opencv-matrix
   rows: 3
   cols: 4
   dt: d
   data: [ 8.0377033543473203e+02, 0., 6.1046036648750305e+02,
       -5.0608309999108365e+04, 0., 8.0377033543473203e+02,
       4.2166427004337311e+02, 0., 0., 0., 1., 0. ]
Q: !!opencv-matrix
   rows: 4
   cols: 4
   dt: d
   data: [ 1., 0., 0., -6.1046036648750305e+02, 0., 1., 0.,
       -4.2166427004337311e+02, 0., 0., 0., 8.0377033543473203e+02, 0.,
       0., 1.5882180919475342e-02, 0. ]
