%YAML:1.0
---
cameraMatrix: !!opencv-matrix
   rows: 3
   cols: 3
   dt: d
   data: [ 7.9804244583670140e+02, 0., 6.6644807622041344e+02, 0.,
       8.0298824455623674e+02, 3.5868779159888470e+02, 0., 0., 1. ]
distortionCoeffs: !!opencv-matrix
   rows: 1
   cols: 5
   dt: d
   data: [ -4.5777515616729048e-01, 2.6352331839401744e-01,
       1.8069029104581587e-04, 1.0982674997362990e-03,
       -9.1273453849166325e-02 ]
