%YAML:1.0
---
cameraMatrix: !!opencv-matrix
   rows: 3
   cols: 3
   dt: d
   data: [ 7.9948601170987070e+02, 0., 6.5820539588333838e+02, 0.,
       8.0455242631322722e+02, 3.5911864263135419e+02, 0., 0., 1. ]
distortionCoeffs: !!opencv-matrix
   rows: 1
   cols: 5
   dt: d
   data: [ -4.5893976399034048e-01, 2.5671895899021502e-01,
       5.9517469215517082e-04, 1.0117210295015765e-03,
       -8.1973732640712865e-02 ]
